16742 5.69512
20102 54.8614
17821 2.83333
13822 42.8713
16472 31.2917
13591 26.1216
13592 27.9524
17511 63.184
6761 34.8378
17512 66.9316
16161 12.3421
3881 4.42466
28951 41.6667
17281 29.0841
16122 4.57843
13281 32.724
3841 9.78161
17241 74.8316
7801 31.596
6491 38.9588
17201 34.77
6492 36.013
6451 3.38961
24681 32.3333
6412 11.6382
24641 36.6481
3531 6.15385
28601 39.7532
6181 5.43684
6141 6.46535
6182 6.71429
6101 54.6557
25722 3.65116
21722 33.8558
3262 6.58879
24022 9.38636
21142 4.55556
21101 5.14474
10861 4.77049
18821 22.6437
14862 7.23333
10862 4.86667
14822 11.8963
781 40.3788
11942 39.6364
10591 8.16981
782 38.2731
14551 33.2963
10552 12.55
10511 28.0769
702 4.47115
41 2.34286
11672 28.3611
11631 10.4918
8881 63.0825
471 43.2198
18281 37.3516
14281 39.6899
472 43.0859
4882 3.84906
29911 3.91379
18241 40.6344
14282 39.6061
10282 4.93333
10241 11.8624
8842 24.2136
18201 33.6667
14242 3.48718
14201 65.3293
1961 3.83117
18202 30.6316
11361 5.66667
11362 4.86316
121 4.32258
4531 68.0797
29642 3.30612
1692 4.81944
26492 3.11864
22492 4.27451
1382 6.26923
22411 19.5926
29061 3.4918
26412 2.48
22412 8.90476
29021 2.79268
25021 6.24528
25022 3.32
22181 22.7717
22182 20.8952
19821 5.71698
15821 34.8621
15822 35.6076
12982 47.531
15552 60.5152
19281 8.49153
15281 59.1125
9882 42.3117
5841 27.6752
15282 54.8617
9842 3.36957
5801 20.5699
19242 20.5106
19201 34.9462
15201 5.53191
5802 18.4019
2961 41.1727
15202 4.94017
2921 3.35417
12321 59.9667
30081 6.07143
5531 39.6692
2692 16.3973
2611 13.5641
20882 15.9508
20841 5.81579
27491 3.92308
20801 2.63462
9222 11.5929
23411 5.5
2301 59.9545
20531 42.4198
27181 20.5738
23181 8.93846
20532 43.2642
2071 35.4034
27182 21.3505
23101 4.99091
2032 65.0312
16862 37.7634
17982 27.6277
17901 60.6835
13901 63.296
17902 60.0494
16592 6.70667
16512 15.3542
13671 3.67164
17631 6.42
6881 48.6949
17632 8.375
16281 39.1356
6841 23.4925
16241 14.7864
6802 2.6
7962 41.627
13321 38.1239
7922 62.4237
17322 13.0682
6572 23.5588
6532 30.2078
17091 38.0941
3651 12.5055
3692 25.0353
28721 9
17092 37.046
17052 8.93976
17011 8.13043
7612 38.1057
25882 3.63768
25841 6.56716
13012 37.6385
21802 34.7364
7382 44.9046
28411 18.5291
7342 47.2903
24412 8.70248
3302 62.8657
25572 8.49153
21532 4.46
7072 16.1111
3032 38.3577
21221 7.88
10941 16.1886
10942 18.1508
18902 5.06667
18671 10.4211
821 4.33333
10672 5.78481
822 4.30189
18632 17.7333
14632 41.8682
11792 7.94624
11751 10.5294
591 4.64286
11711 42.0909
14361 53.8186
552 27.4603
18321 3.58491
14321 3.27103
10322 65.5714
11441 5.91045
11401 11.0802
8651 44.8403
18092 6.98387
18051 16.4684
14051 3.63636
8611 6.26966
242 25.7071
18052 14.7111
18011 37.1596
14011 5.28395
1771 52.6116
26841 14.2029
1731 2.67742
25491 30.8317
11172 54.6532
8381 29
26802 3.42857
25451 27.1264
22802 2.77586
11132 54.9803
8341 46.814
4382 65.9922
4341 9.41026
4302 7.05556
1461 24.9528
26572 5.73611
26531 18.3375
1462 23.2328
8071 46.7983
1422 4.47945
8031 29.8333
4072 20.7328
25102 22.4414
22261 8.3
26221 7.36905
19982 35.5926
15982 10.2887
1112 53.9905
15942 39.3628
15901 2.30986
15671 48.1111
15672 47.4126
5961 12.4824
12481 31.0481
9691 5.19512
19091 3.95833
5651 4.89157
19051 60.1494
11092 69.4196
5652 4.31034
19052 65.4963
19011 42.7982
11052 18.3824
11011 6.1
5612 53.3008
30122 11.3676
19012 38.6786
27801 35.0292
12172 4.50725
9381 44.1077
5381 6.19231
2732 30.9385
27802 36.7563
12132 65.2917
9341 6.72381
20962 16.9898
2421 36.9906
23532 2.73077
20691 17.4458
5071 51.8277
9072 7.72464
5072 43.1923
2191 43.9672
27261 4.85294
27221 4.38095
23262 2.67059
2152 19.0196
2111 20.5789
23222 6.73288
16942 10.2411
20072 6.64865
20032 65.8864
13752 11.687
13711 18.283
6961 5.32
6691 38.9692
17442 63.5043
6611 15.8889
6612 15.5278
17171 6.29508
13171 7.79787
7772 5.48889
28842 3.22222
7732 67.2052
17132 4.73333
13132 46.155
25962 2.55556
21962 3.35294
25922 12.6283
21922 7
6302 14.6816
3462 34.3712
3422 46.4425
25651 31.713
21692 38.8136
6031 5.68966
21652 33.6909
7191 11.8857
21612 11.4
3152 67.0462
7152 6.56338
3112 46.4561
21301 6.55814
21072 24.1714
21031 38.0758
18751 4.57143
14792 39.4512
942 16.9036
18711 5.21875
10752 29.6027
10712 3.52273
671 5.94595
631 59.1103
18482 26.4915
10402 2.88889
4771 4.84694
29841 34.625
18171 32.6629
14171 41.6023
11522 44.2126
10171 5.46809
4731 4.98718
14172 42.5
10131 63.9573
322 32.104
26961 2.71667
18132 6.41176
14132 2.78
10132 62.0375
1851 4.2459
29571 2.62903
8421 3.05882
26691 4.48571
4422 26.0411
1581 49.3534
22651 9.48971
1582 56.9439
26652 7.125
22652 10.6522
8191 21.9694
4191 7.99099
1501 6.57955
29261 5.51087
8192 15.9722
29221 7.12088
8152 5.88785
4152 55.4331
4111 17.6029
8112 6.1
26302 3.24615
22071 23.419
22072 25.4103
15791 15.7361
19792 25.1528
19752 10.4176
15711 49.0952
19712 17.7568
15481 50.6557
12832 10.7903
15441 67.1532
19401 4.85897
12561 5.08824
19171 45.1504
9772 6.52041
2891 41.4632
2851 11.9684
12251 62.0815
12212 3.46977
5462 38.3577
9422 18.7021
2582 3.2093
2541 4.2766
23652 34.188
2542 5.84906
9152 41.9508
5152 47.0641
23381 6.49603
9112 40.8978
5112 5.54167
23382 5.09099
23342 6.65385
23301 3.23418
27302 7.35938
20421 11.875
23071 4.57222
27072 3.89394
16791 43.5917
20151 20.1379
20111 3.6
16712 14.3673
13872 34.036
17832 6.21951
16482 5.46
16442 10.339
13522 7.072
17291 55.6116
16132 51.7287
3892 5.78082
28921 11.5526
17292 45.7347
7811 74.5862
13252 33.1228
17212 29.5196
3542 30.7308
21731 6.61905
25732 8.17143
6112 67.7661
3271 21.592
21461 3.17308
21421 25.4653
24031 5.43182
21111 9.50769
14871 58.8687
14831 48.5467
751 51.8673
14561 2.54902
91 47.1395
14521 11.3241
10562 38.5491
11681 26.6603
11641 24.4737
29961 2.60976
11642 30.1964
8892 18.7407
8851 48.823
482 72.3529
10292 45.2016
8852 53.8485
401 30.2193
18211 42.8743
14252 66.1733
14212 2.5814
11371 5.18919
8581 53.2314
8541 36.9269
172 2.68293
131 49.4457
132 55.3838
4542 62.6343
26772 3.25
8271 21.7411
29341 27.6562
25341 14.3846
4272 69.5354
1391 18.2397
1392 17.7967
22421 2.73529
1311 52.2171
26422 3.44898
1312 51.75
22191 39.5288
26192 9.27143
22151 50.2906
19871 13.4808
19872 14.9016
19831 40.9103
19832 39.7879
12952 51.1028
12911 28.8171
19562 66.2952
15521 46.9528
19522 54.5476
15522 43.9692
12681 5.98438
12641 41.7708
9891 32.6453
5891 16.8696
9892 37.8158
5892 15.8545
19251 4.66216
12602 51.3474
9852 52.6747
19252 6.04054
19212 13.2947
5541 16.1647
30092 10.2552
5542 11.6311
23771 4.28
9271 51.5556
20892 35.0411
20851 16.8738
9272 46.5098
20852 26.1688
20811 5.28571
9232 3.5
27462 55.4425
23421 22.3654
2311 61.5455
20541 13.8857
27192 41.1721
23151 33.1067
2082 16.7326
2041 18.725
16871 2.60526
2042 20.9886
23112 4.93654
16831 34.916
13911 48.2868
17681 33.621
13682 6.35897
13601 16.0847
6892 6.75862
6851 9.30952
6811 60.8623
16252 4.34831
3971 27.5234
17371 2.53623
13371 10.062
7972 17.4375
3931 63.3168
13372 12.8723
6582 2.88889
6541 4.89286
6542 7.13514
28731 2.64865
17061 3.21212
3621 9.2987
17021 20.2963
7622 33.675
21892 5.01031
21811 44.1985
7351 46.6724
3351 36.6905
28421 8.08197
24421 4.54839
3311 8.91509
28422 10.3218
7081 51.7921
28151 4.93651
24192 7.53191
3041 3.06024
7001 66.6935
21271 2.75556
21272 2.875
21231 48.3465
10991 15.876
21232 60.4078
18951 4.66667
14951 19.2222
18952 3.58667
18911 32.0521
10681 9.37209
831 37.6211
18682 29.6989
18641 5.46154
14641 5.4918
10602 8.35714
4971 60.26
8972 58.5778
4931 12.8889
10372 7.48889
4932 11.4074
18332 41.95
10332 4.98305
11492 62.8346
11452 54.3922
292 53.6517
4661 15.9746
29772 36.2586
14061 2.25641
252 4.22857
211 57.8739
4621 43.2628
10062 32.2937
1781 6.04938
4622 47.6271
26851 6.43725
22892 3.26327
22851 20.6942
26852 4.28437
22811 32.2764
11182 13.8531
11141 2.56098
1742 65.3347
4351 14.0127
11102 57.4476
8311 46.9746
4311 46.7026
25422 3.77358
8312 44.6694
25191 52.5818
8081 52.049
8041 22.4545
22271 46.2117
4002 49.6587
26231 5.4375
1162 8.71429
19992 23.4653
19951 17.7059
1122 21.1477
19952 17.4175
19911 3.77647
15952 4.98529
15912 3.4697
19681 11.9571
19641 62.6289
19601 51.283
12761 40.5474
12721 65.0484
19371 67.5583
15371 67.2031
15372 62.9023
5932 46.4132
12491 29.4158
27891 11.0429
9622 5.25191
2781 62.7967
5622 8.42478
15022 50.0696
12181 27.7596
12182 29.2545
2701 46.1622
27812 7.92079
12142 3.53571
9392 51.6556
2702 53.1802
20972 12.1125
20931 3.3617
5352 38.5833
20932 2.8375
9312 16.1579
23541 15.6071
2472 2.38776
9082 8.825
20621 36.4462
9042 11.551
9001 3.4918
5042 3.65909
5001 5.58667
9002 3.42593
2161 2.38983
27231 4.49123
23272 3.13953
16991 24.2182
2121 7.67241
20391 6.16981
16951 6.95455
20351 7.125
16682 5.96703
20082 6.30769
20041 2.875
16642 38.1667
16601 19.3162
20001 13.3797
16602 20.8
13761 54.0476
13762 56.2746
16371 62.4648
13722 63.6287
6972 66.4844
16331 44.9786
17451 14.6
17411 2.51064
6661 44.5179
17412 3.98
16061 6.33333
6662 42.7642
28891 4.58929
16062 5.80808
3781 45.1912
7782 33.7865
3741 47.2661
28852 3.46939
28811 7.17021
17182 11.3095
13182 67.1477
7701 34.8074
28812 9.7451
17142 26.7674
13142 44.5323
7702 40.2957
25972 5.38983
21972 4.49242
21931 12.9298
24582 5.67742
24541 18.1096
6081 43.6723
24502 9
21661 5.51648
6082 41.6581
21621 21.9215
24272 3.82857
3122 4.12121
21352 3.30508
21312 2.85366
991 14.0122
21082 66.757
951 25.433
10761 14.9615
911 64.5792
21002 23.75
18762 24.625
18491 8.80556
14491 9.88571
682 5.61386
14492 12.1193
11802 4.28736
18411 50.5
10411 59.5862
602 48.4032
11571 40.876
11572 41.8803
11531 2.68539
8781 5.19672
371 9.96068
8741 6.82812
4741 43.0729
14141 71.7674
10182 67.5263
4701 33.7923
29812 4.70492
14101 4.88
26972 8
22931 12.683
26932 4.15
8471 56.1746
1822 55.3257
8472 56.2602
8431 63.2985
29502 2.57778
1511 46.9562
26622 3
8161 27.8017
25231 9.86792
25232 8.18421
1242 13.4596
1202 2.71429
26001 4.04918
19761 4.16129
12882 23.2766
15412 53.8615
12572 11.25
12531 55.8596
9781 44.1102
15181 30.7128
15182 29.2569
9701 36.4694
19142 49.3798
19101 65.8862
2861 51.69
5702 3.94521
19102 65.1371
2821 67.5078
9471 4.56977
9472 4.32
9431 2.7
5472 43.3696
2591 15.1167
2551 25.5761
27621 18.9519
23621 6.75862
2552 31.1558
27622 18.8926
9161 3.27778
20741 40.0684
23391 67.5587
20742 41.0167
20701 3.69388
23392 77.7568
23352 7.48276
20471 3.30233
20472 5.34694
20431 15.2394
23082 3.17647
23041 2.35714
16761 44.1269
20161 59.3596
17881 2.57143
13881 26.5
17841 2.575
13841 3.57009
13842 3.39474
17802 2.59524
16492 2.32558
13572 7.01538
17532 57.8148
13532 7.44615
6701 21.5505
28931 11.2778
17261 16.1233
13261 12.3333
7862 28.7131
7821 60.1087
6471 37.2255
6431 63.8302
6432 61.0093
3551 10.8364
3552 14.9889
7511 2.78378
3512 8.56452
6121 46.0625
24391 7.01639
21742 5.35443
7281 48.3689
21702 7.0641
3282 9.68182
24311 2.59259
21471 25.9318
7202 39.5981
3202 19.0077
28081 2.69048
21432 6.80303
24001 3.11765
21122 3.12963
18842 18.7436
14842 62.2019
10801 56.7723
18802 5.88406
14802 17.5556
10802 55
11921 15.2626
11922 12.507
18531 18.0396
10572 5.875
61 2.29167
18532 17.1892
491 2.77143
11611 24.2807
4861 66.4227
8862 49.1465
18262 30.5648
10221 3.82353
8822 5.23656
1981 7.22222
1942 3.83333
1902 65.5208
29621 6.47619
8511 9.63095
4552 2.87805
22781 4
8512 9.07339
1671 48.2456
25391 6.3
22701 8.87294
4281 16.6196
8282 34.876
4241 47.1758
25352 7.90244
25311 48.8571
26471 8.44762
25081 17
25041 11.4571
26161 5.55914
26121 2.81132
22121 8.91837
15801 13.3731
19802 32.1159
12922 41.4739
19572 38.7879
12651 4.80488
12652 5.0274
5861 4.51613
19261 2.83117
12612 6.05882
15222 44.5588
5551 3.34783
12302 46.2745
30062 55.4986
30022 20.5963
12071 33.7
27701 26.4921
23701 5.51429
9242 4.79104
5242 17.6466
23471 12.1269
5202 12.1771
27431 4.73469
27432 5.14925
20511 2.56897
2091 2.51667
23161 28.2113
23162 23.1538
23122 2.3425
16882 38.6513
17961 14.8514
13961 47.8448
17921 2.63636
13962 45.748
13921 11.416
16532 22.6832
17651 33.9825
13692 30.6032
17652 34.3364
17611 29.0658
13611 18.675
7981 12.1124
13381 35.4087
7982 11.3793
17341 6.02174
7901 6.54321
3942 8.46296
7671 4.94872
3671 2.51562
6512 22.4653
28741 7.92647
7672 3.50685
21861 2.30769
17032 4.42553
21821 7.02381
6242 47.3465
6201 44.8672
7321 66.4786
21591 36.0526
25552 10.2188
28161 7.75072
21281 2.55556
18961 12.8182
14961 2.97368
18962 13.7957
14921 44.2117
14922 45.3038
10691 5.64
14692 7.19608
18652 13.7692
18611 65.3846
10611 29.6506
802 22.3684
18612 65.6552
11771 46.3906
10612 26.9534
11772 46.7222
8941 45.6897
18342 10.7209
8902 2.7037
11421 5.81928
18071 49.0108
14071 73.0781
10071 12.5635
8672 5.66412
262 6.75714
4631 33.6769
14031 19.1187
222 2.28
1791 3.92727
22861 5.23438
26821 45.0629
11151 6.10145
1752 69.0917
1711 5.43333
8322 51.3594
1442 48.9833
25162 2.81132
4052 21.9739
26281 7.46457
25122 38.2121
4012 2.43478
26241 5.54054
19961 36.4884
1132 35.6292
26202 4.0566
15962 34.4369
19691 22.3137
19612 43.6841
9981 9.84
5981 34.0134
15381 17.3947
9982 8.80952
5982 37.3333
9901 6.96429
19071 45.9609
30141 10.082
15031 27.3583
11031 7.57353
27861 16.6055
15032 29.3362
12192 10.9189
12151 3.97872
23822 38.3936
20981 46.0634
5361 5.63107
20941 12.3913
9362 35.0661
5321 4.53763
5322 4.37805
2481 19.4421
20902 4.41026
2401 12.898
1051 3.25581
23281 6.52778
27241 2.86792
2131 47.5806
23201 18.5
20361 23.4697
20362 18.8193
20091 24.102
16651 38.4307
16611 6.15714
20052 59.9074
20012 4.89744
13731 20.9792
6981 4.07527
17421 43.455
16071 6.78788
6632 7.84615
16032 47.5046
7792 18.4653
17151 5.23881
7752 5.32895
3752 39.8037
24822 10.8406
13111 9.57778
3712 49.5867
17112 88.912
28591 2.64789
24591 16.8774
28592 2.84906
28551 8.88608
21902 42.4851
7482 29.816
7441 69.6917
24552 9.20635
7442 66.5703
7172 9.38
24201 3.23469
21362 28.8133
21321 22.6875
962 6.97403
921 27.7905
21012 73.587
18731 30.6522
14731 51.2273
10732 3.56863
11851 41.5175
11811 36.7986
18421 48.4426
10421 60.8
18422 44.3906
14422 39.1525
4791 67.8397
29861 2.7619
4792 67.0489
4751 36.2366
10192 19.3889
8752 52.2348
4711 4.33333
18111 8.01449
14111 39.5086
10152 5.32812
22982 26.3233
11271 8.56481
26901 2.57282
29592 17.2203
26902 11.3194
8441 5.68376
8442 6.2234
26671 5.40845
22671 8.52712
8402 18.418
1561 10.0978
22672 5.82535
22631 29.5067
1562 9.43478
29282 3.12195
29241 4.50459
25282 8.26
8172 41.3217
4172 6.07792
8132 47.7971
22361 3.394
1292 27.0847
1251 18.4125
26321 10.169
22321 6.02785
22051 34.7976
15772 72.4167
12852 7.28261
12811 13.0566
19461 30.4188
15461 48.3115
15462 47.0487
12582 14.6857
12541 3.95833
9791 48.0514
5791 67.7745
9792 47.4862
19192 6.63542
15152 32.7083
15111 69.3433
9712 29.759
2871 6.07895
15112 67.4104
12231 3.09615
9441 38.7981
5441 4.73786
9442 37.0505
5401 3.69072
2561 4.53731
23672 11.4659
2521 23.0533
9131 11.4368
20442 3.61538
16771 39.964
23012 2.22632
16731 22.041
20172 2.41176
16732 20.5963
13891 61.7331
17892 4.25641
17811 76.5506
13811 6.05932
16461 9.55556
16421 54.1322
17582 8.0375
17541 3.37838
13541 39.1579
16191 29.2564
28981 3.35484
7871 59.4646
3871 64.4685
28982 2.89362
13271 6.42268
7831 29.474
28901 20.8824
24901 60.6038
13231 30.8457
28902 3.70769
17232 6.33333
13232 32.9688
6482 2.46154
6441 62.8333
3561 60.5904
24672 3.14545
7522 63.6752
3522 6.5
6131 41.114
25752 3.8
21752 16.0714
21711 8.01053
7251 29.2526
3211 35.1938
21481 9.87273
7212 2.40777
21441 11.6923
21442 9.71622
24012 12.9365
21171 12.5263
21132 50.8
14892 6.18367
14851 2.54
10851 57.4245
18811 37.6742
14811 5.38333
10852 56.5413
18581 4.55682
11932 16.3689
10582 3.75439
18501 64.5691
14542 23.8306
10542 30.4902
72 13.4054
32 3.65079
4871 19.395
18271 4.5625
10271 59.4435
8872 8.50602
421 5.88235
4831 9.9403
18231 65.5761
14231 20.2353
1991 4.29268
10232 66.384
1911 64.0342
191 44.5484
29631 5.63265
8521 63.8771
152 13.2922
112 58.875
22751 3.5
1682 4.21857
1641 48.1391
26752 5.375
22752 4.15
8291 55.2109
1642 44.9618
8251 55.7492
4252 50.7692
4211 5.16239
22481 4.41875
8212 46.3364
4212 6.21101
26482 11.8396
26441 7.04545
22441 3.65672
1372 47.5965
25052 6.88571
25011 32.087
22171 4.61333
22172 4.8972
15891 49.7576
22132 19.1765
19892 56.2206
15892 49.6743
19812 6.15789
15812 2.65517
15582 63.0734
19502 4.32787
12662 41.9837
9872 37.5256
9831 65.0918
5831 10.3333
15272 5.225
15231 61.7083
2992 59.6397
2952 50.383
9561 11.4667
30071 66.3161
12312 3.57407
30072 72.8125
27751 4.9
12081 8.5974
5251 38.8862
2602 2.53846
20872 49.6076
20831 23.7174
5252 42.55
27481 11.3323
20832 29.1304
2371 43.2677
27482 11.0533
23442 36.0058
20562 37.4884
23131 3.538
20291 32.6125
2022 2.98246
16811 50.8456
20252 6.67188
20211 8.29577
13971 7.62
17931 4.91765
16501 22.15
17661 24.9902
17662 23.8632
17621 34.7682
13621 4.40426
6831 53.2941
6872 49.2576
16231 13.0118
16232 10.7353
3992 56.3008
7952 5.95522
13311 35.7168
6561 24.2537
17312 57.8578
24792 2.74648
17081 8.68254
13081 31.2155
7641 50.4363
3641 7.80374
24752 50.1835
13082 26.9313
13041 31.1416
7642 51.2719
6291 14.9364
7601 6.74194
21871 39.504
17002 2.48485
7331 49.0458
28401 8.43269
25562 16.9155
21521 51.5323
21522 45.1129
3061 60.2768
21291 13.7761
21211 13.4831
851 48.2222
852 52.5948
18621 10.4419
14621 21.933
14622 20.822
10622 20.2558
11741 5.34483
4991 9.21429
14391 33.2035
8992 2.25926
4992 8.125
541 8.71845
11702 5.69362
10351 45.5652
8952 7.17708
8911 4.37879
4952 13.1
501 45.3701
4911 89.6094
502 42.6842
18312 9.61224
11431 5.71233
271 40
29751 5.52632
272 42.2619
231 40.2892
29752 6.5
26871 5.69444
22871 3.04762
10001 65.7138
4602 27.272
26831 41.7467
26832 44.5405
11121 2.80645
8371 46.0574
29441 5.52632
29442 7.29333
22561 4.49254
4021 8.07317
26291 9.55435
22291 5.249
26251 3.57955
1182 72.1625
26211 3.27869
19971 40.5186
15932 2.58571
19662 2.76596
19621 14.2642
15662 41.9149
19622 18.3913
19391 30.3358
15391 11.7949
12742 9.61468
5951 7.40496
19392 31.461
19351 26.1373
12702 65.9091
9952 29.8673
15311 43.525
19312 2.88235
12472 50.9493
12431 11.6585
5681 42.2586
11081 35.4531
5641 65.3741
19082 8.23377
19041 11.6429
5642 68.0142
27871 12.6955
11042 54.0297
11001 43.3884
30112 4.4359
27872 16.7172
19002 36.0233
2762 16.6371
27832 2.77419
20991 14.8352
12162 49.5421
12122 5.68333
20952 32.3333
20912 4.71429
2451 4.67778
2452 3.39744
27522 4.53784
20681 18.814
9061 5.22222
5061 53.537
9062 5.17742
5021 30.7465
1062 2.31915
1021 16.92
23291 3.9375
20601 47.2083
9022 11.125
23212 4.43956
16972 33.6161
2102 21.2368
20332 2.41304
16661 49.2692
20061 28.9184
16621 45.2458
17782 45.292
17741 7.14118
13741 24.3663
6992 10.3295
17702 43.2442
13702 2.9375
13472 18.3309
13431 59.6412
17432 8.0198
13432 62.3701
6642 53.822
28871 22.4471
16001 9.93023
7761 37.2667
13161 8.59048
7721 7.48077
3721 2.94444
24832 16.1912
17162 24.9231
17121 51.5367
13162 8.89888
7722 9.49425
25951 47.1605
6331 62.1417
25952 19.6761
21911 5.25373
6332 60.5405
3492 28.4239
25681 32.4091
7412 63.9597
21642 14.1217
7181 27.5327
25602 14.7349
21602 35.1717
7182 27.5369
28252 4.23438
28211 4.78
24212 21.6087
21331 21.3418
21332 18.7083
14781 2.94
10782 62.642
18742 23.0756
18701 6.70423
10742 47.9184
14702 47.0076
10702 41.7912
621 17.0159
18472 49.3545
10472 2.7619
11511 6.024
8761 39.7786
8762 40.4851
352 7.30769
4762 8.74074
311 47.835
22991 1.92105
14121 60.0469
10162 49.0091
8722 67.2246
22911 8.46739
1801 34.0861
1842 5.91667
22912 10.1441
1802 37.2308
29521 3.10256
4452 5.2605
4411 5.58491
4412 5.13934
26682 5.23729
26641 8.625
22682 26.458
1531 47.0702
4182 62.0882
29211 4.24
26371 12.7333
26331 6.52222
1262 12.5
26061 4.42857
26062 4.9726
22062 17.9916
22021 12.4179
15781 3.5303
19741 11.5536
15741 32.1224
15701 6.93077
19702 18.375
12861 5.55102
12862 4.60976
19432 6.6
12552 8.94545
9761 57.4065
9762 52.6491
27991 4.63158
9722 2.53333
27992 4.875
12241 46.4058
12201 50.1452
27681 12.6167
27641 4.42254
23642 20.115
20761 48.3008
20762 44.0079
20721 38.0112
9101 66.015
23371 3.6039
20722 41.6282
5102 43.1364
27331 2.81395
2221 54
27332 2.81395
20491 30.7158
20411 14.7273
27061 11.9315
